135001439|198|111|01|A
135001439|198|205|01|B
135201439|198|111|01|F
135501439|198|205|01|C
135001000|198|111|01|R
135001001|198|111|01|R
135001002|198|111|01|R
135001003|198|111|01|R
135001004|198|111|01|R
135001005|198|111|01|R
135001006|198|111|01|R
135001007|198|111|01|R
135001008|198|111|01|R
135001009|198|111|01|R
135001010|198|111|02|R
135001011|198|111|02|R
135001012|198|111|02|R
135001013|198|111|02|R
135001014|198|111|02|R
135001015|198|111|02|R
135001016|198|111|02|R
135001017|198|111|02|R
135001018|198|111|02|R
135001019|198|111|02|R
135001100|198|112|01|R
135001101|198|112|01|R
135001102|198|112|01|R
135001103|198|112|01|R
135001104|198|112|01|R
135001105|198|112|01|R
135001106|198|112|01|R
135001107|198|112|01|R
135001108|198|112|01|R
135001109|198|112|01|R
135001110|198|112|02|R
135001111|198|112|02|R
135001112|198|112|02|R
135001113|198|112|02|R
135001114|198|112|02|R
135001115|198|112|02|R
135001116|198|112|02|R
135001117|198|112|02|R
135001118|198|112|02|R
135001119|198|112|02|R
1|198|112|1|A
1|198|205|1|C
2|198|112|1|A
2|198|205|1|IP
3|198|112|1|F
3|198|205|1|C
45|750|101|1|A